Living Gradients - QA analysis
2026-09-04 11:28:49

holes/voids/crushed/blown are percentages of the frame, worst sample.
bandFill 1.00 = every luma level between darkest and lightest is used.
motion/seam are mean absolute luma change, 0-255.

GRADIENT         SIZE        PINHOLE%  CLEAR%  VOIDS%  CRUSH%  BLOWN%  BAND  FLAT  CHROMA  MOTION    SEAM  FLAGS
----------------------------------------------------------------------------------------------------------------------------------
AnimeCells       1920x1080     0.0000   0.000   0.000   0.000   0.000  0.85  0.79    96.5   84.29   81.08  
AnimeWater       1920x1080     0.0000   0.000   0.000   0.000  16.771  1.00  0.41    46.0   86.40   89.02  BLOWN
Antigravity      1920x1080     0.0000   0.000   0.000   0.000   3.580  0.43  0.99    16.4   52.73   63.34  BANDING
AsciiMatrix      1920x1080     0.0000   0.000  90.203  90.074   0.000  0.98  0.92     7.7    4.76    5.80  VOIDS CRUSHED
Aurora           1920x1080     0.0000 100.000   0.000   0.000   0.000  1.00  0.83    19.7   19.43   19.35  matte
Brushed          1920x1080     0.0000   0.000   0.000   0.000   0.000  1.00  0.17    14.4    9.05   34.00  SEAM
CellularMosaic   1920x1080     0.0000   0.000   0.000   0.000   0.000  0.99  0.29   193.7   31.71   28.42  
ChromaFlare      1920x1080     0.0000 100.000   0.000   0.000   0.000  0.99  0.79    11.8    7.38    7.45  matte
Comet            1920x1080     0.0000 100.000   0.000   0.000   0.000  1.00  0.60    41.0    1.28    2.45  matte SEAM
Copper           1920x1080     0.0000   0.000   0.000   0.000   0.000  0.98  0.12   101.8   74.37   63.06  
Cow              1920x1080     0.0000   0.000   0.000   0.000   0.000  1.00  0.79     6.2    4.65   18.48  SEAM
Fiber            1920x1080     0.0000 100.000   0.000   0.000   0.000  1.00  0.57     9.5   12.50   12.03  matte
Fluid            1920x1080     0.0004   0.000   0.000   0.000   0.000  0.99  0.06   159.0   14.01   16.60  
Foil             1920x1080     0.0000   0.000   0.000   0.000  21.283  0.97  0.12    19.3    9.35   21.15  BLOWN SEAM
Fur              1920x1080     0.0008   0.001   0.000   0.000   0.000  0.98  0.50   113.4    2.77   10.99  SEAM
Giraffe          1920x1080     0.0000   0.000   0.000   0.000   0.000  1.00  0.73   114.1    6.00   21.76  SEAM
Glass            1920x1080     0.0000   0.000   0.000   0.000   0.000  0.99  0.51    48.0    9.21   26.77  SEAM
Gold             1920x1080     0.0000   0.000   0.000   0.000   0.000  0.94  0.12   102.7   76.11   64.71  
Halftone         1920x1080     0.0000   0.000   0.000   0.000   0.000  0.85  0.81    78.2   22.56   31.34  
Heatmap          1920x1080     0.0000   0.000   0.000   0.559   0.000  1.00  0.01   204.8   36.64   62.58  
LavaLamp         1920x1080     0.0000   0.000   0.000   0.000   0.000  1.00  0.68   221.6   27.06   63.91  SEAM
Leopard          1920x1080     0.0000   0.000   0.000   0.000   0.000  0.99  0.61    95.0    3.96   14.92  SEAM
Metallic         1920x1080     0.0000   0.000   0.000   0.000  17.470  1.00  0.33    36.2  127.24  109.01  BLOWN
OklabSmooth      1920x1080     0.0000   0.000   0.000   0.000   0.000  0.74  0.89   177.1    1.62    6.39  SEAM
Prism            1920x1080     0.0081  98.534   0.000   0.000   0.000  0.99  0.89    19.2    4.76    4.89  HOLES FLAT
PrismaticBurst   1920x1080     0.3640  88.020   0.010   0.000   0.000  1.00  0.22    70.6   54.13   50.24  HOLES
Pulse            1920x1080     0.0002  93.120   0.000   0.000   0.000  1.00  0.80    57.8   22.02   24.32  matte
ReededGlass      1920x1080     0.0000 100.000   0.000   0.000   0.000  0.77  0.47    68.4   22.96   91.84  matte SEAM
SaaS             1920x1080     0.0000   0.000   0.000   0.000  31.187  1.00  0.86    35.6    0.95    1.42  BLOWN
Silk             1920x1080     0.0000 100.000   0.000   0.000   0.000  1.00  0.73     4.6   19.34   18.81  matte
Silver           1920x1080     0.0000   0.000   0.000   0.000   3.631  1.00  0.10    15.3   87.13   73.97  
Snakeskin        1920x1080     0.0000   0.000   0.000   0.000   1.119  1.00  0.36    34.5    9.78   34.42  SEAM
SonduckLiquid    1920x1080     0.0000   0.000   0.000   0.000   0.000  1.00  0.75    71.7   16.62   13.32  
StackedSquares   1920x1080     0.0000   0.000   0.000   0.000   0.000  0.99  0.83   172.3   15.65   20.02  
Sunburst         1920x1080     0.0000   0.000   0.000   0.000   0.000  1.00  0.90   140.1  135.40    8.70  
Tiger            1920x1080     0.0000   0.000   0.000   0.000   0.000  1.00  0.53   155.3    7.24   26.29  SEAM
TrailGradient    1920x1080     0.0000   0.240   0.000   0.000   0.000  0.97  0.66   227.9   43.24   40.90  
Veil             1920x1080     0.0000 100.000   0.000   0.000   0.000  1.00  0.94     5.9    3.28    3.55  matte FLAT
Waves            1920x1080     0.0000   0.000   0.000   0.000   0.000  1.00  0.67    37.9   10.73   10.54  
Wavy             1920x1080     0.0000   0.000   0.000   0.000   0.000  0.98  0.92   163.8    4.59    6.23  FLAT
WebThreads       1920x1080     0.0000   0.000   0.000   0.000   0.000  0.99  0.95     5.0    0.74    0.72  FLAT
Zebra            1920x1080     0.0000   0.000   0.000   0.000   0.000  1.00  0.69     7.5   10.25   39.37  SEAM
living           1920x1080     0.0000   0.000   0.000   0.000   0.000  1.00  0.95   166.8   14.12   13.69  
----------------------------------------------------------------------------------------------------------------------------------
43 rows, 29 flagged
json -> tools/qa/analysis_1080.json
